((("string" .
   [1 0 0 0 0 0])
  ("cell" .
   [1 0 0 0])
  ("ou" .
   [1 0])
  ("des" .
   [1 0 0])
  ("utiliser" .
   [1 0 0 0 0 0 0 0])
  ("l" .
   [1])
  ("L" .
   [1])
  ("useX" .
   [1 0 0 0])
  ("left" .
   [2 0 0 0])
  ("padding-right" .
   [1 0 0 0 0 0 0 0 0 0 0 0 0])
  ("padding-left" .
   [1 0 0 0 0 0 0 0 0 0 0 0])
  ("sans-serif" .
   [0 0 0 0 1 0 0 0 0 0])
  ("font" .
   [1 0 0 0])
  ("white" .
   [1 0 0 0 0])
  ("color" .
   [1 0 0 0 0])
  ("b" .
   [1])
  ("code" .
   [4 0 0 0])
  ("it" .
   [1 0])
  ("bList" .
   [0 0 1 0 0])
  ("textLeft" .
   [1 0 0 0 0 0 0 0])
  ("smallText" .
   [1 0 0 0 0 0 0 0 0])
  ("textBox" .
   [2 0 0 0 0 0 0])
  ("div" .
   [4 0 0])
  ("span" .
   [4 0 0 0])
  ("sauf" .
   [1 0 0 0])
  ("s" .
   [1])
  ("commandes" .
   [1 0 0 0 0 0 0 0 0])
  ("la" .
   [1 0])
  ("les" .
   [5 0 0])
  ("Matlab" .
   [1 0 0 0 0 0])
  ("avec" .
   [1 0 0 0])
  ("alternative" .
   [1 0 0 0 0 0 0 0 0 0 0])
  ("une" .
   [1 0 0])
  ("est" .
   [1 0 0])
  ("Octave" .
   [1 0 0 0 0 0])
  ("right" .
   [1 0 0 0 0])
  ("moveX" .
   [1 0 0 0 0])
  ("slide" .
   [1 0 0 0 0])
  ("Slides" .
   [0 0 0 0 0 1])
  ("il" .
   [0 1])
  ("i" .
   [10])
  ("class" .
   [0 0 1 0 1])
  ("sleep" .
   [0 0 1 0 0])
  ("self" .
   [0 0 0 1])
  ("stop" .
   [0 0 1 0])
  ("getData" .
   [0 0 0 0 2 0 0])
  ("champ" .
   [0 0 1 0 0])
  ("getX" .
   [0 0 0 1])
  ("include" .
   [0 0 0 2 0 0 0])
  ("h" .
   [1])))
